place(7.406, 1.037, -24.379, "Trapper", 500)
upgrade(7.406, 2.387, -24.379, 500)
place(8.274, 1.037, -21.160, "Trapper", 500)
upgrade(8.274, 2.387, -21.160, 500)
place(3.809, 1.037, -25.342, "Trapper", 500)
upgrade(3.809, 2.387, -25.342, 500)
place(12.395, 1.037, -18.847, "Trapper", 500)
upgrade(12.395, 2.387, -18.847, 500)
place(12.428, 1.037, -15.561, "Trapper", 500)
upgrade(12.428, 2.387, -15.561, 500)
place(12.158, 1.037, -12.241, "Trapper", 500)
upgrade(12.158, 2.387, -12.241, 500)
place(10.371, 1.037, -9.529, "Trapper", 500)
upgrade(10.371, 2.387, -9.529, 500)
place(1.648, 1.037, -15.016, "Rocketeer", 1500)
upgrade(1.648, 2.387, -15.016, 250)
upgrade(1.648, 2.387, -15.016, 1750)
place(1.523, 1.037, -11.912, "Rocketeer", 1500)
upgrade(1.523, 2.387, -11.912, 250)
upgrade(1.523, 2.387, -11.912, 1750)
place(1.680, 1.037, -18.182, "Rocketeer", 1500)
upgrade(1.680, 2.387, -18.182, 250)
upgrade(1.680, 2.387, -18.182, 1750)
place(-1.092, 1.037, -16.674, "Rocketeer", 1500)
upgrade(-1.092, 2.387, -16.674, 250)
upgrade(-1.092, 2.387, -16.674, 1750)
place(-1.190, 1.037, -13.559, "Rocketeer", 1500)
upgrade(-1.190, 2.387, -13.559, 250)
upgrade(-1.190, 2.387, -13.559, 1750)
place(-0.950, 1.037, -19.846, "Rocketeer", 1500)
upgrade(-0.950, 2.387, -19.846, 250)
upgrade(-0.950, 2.387, -19.846, 1750)
place(-1.201, 1.037, -10.445, "Rocketeer", 1500)
upgrade(-1.201, 2.387, -10.445, 250)
upgrade(-1.201, 2.387, -10.445, 1750)
place(1.504, 1.037, -8.872, "Rocketeer", 1500)
upgrade(1.504, 2.387, -8.872, 250)
upgrade(1.504, 2.387, -8.872, 1750)
upgrade(3.809, 2.387, -25.342, 1500)
SetTrap(3.809, 2.387, -25.342, "Landmine", 0)
upgrade(7.406, 2.387, -24.379, 1500)
SetTrap(7.406, 2.387, -24.379, "Landmine", 0)
SetTarget(7.406, 2.387, -24.379, "Strongest")
upgrade(8.274, 2.387, -21.160, 1500)
SetTrap(8.274, 2.387, -21.160, "Landmine", 0)
SetTarget(8.274, 2.387, -21.160, "Strongest")
upgrade(12.395, 2.387, -18.847, 1500)
SetTrap(12.395, 2.387, -18.847, "Landmine", 0)
SetTarget(12.395, 2.387, -18.847, "Strongest")
SetTarget(3.809, 2.387, -25.342, "Strongest")
place(-4.897, 1.037, -15.305, "DJ Booth", 1200)
upgrade(-4.897, 2.402, -15.305, 300)
upgrade(-4.897, 2.402, -15.305, 1250)
upgrade(-4.897, 2.402, -15.305, 3000)
SetDjTrack(-4.897, 2.402, -15.305, "Green", 0)
place(-5.070, 4.007, -11.328, "Ranger", 4500)
upgrade(-5.070, 5.357, -11.328, 1500)
upgrade(-5.070, 5.357, -11.328, 4500)
place(-4.729, 7.007, -7.766, "Ranger", 4500)
upgrade(-4.729, 8.357, -7.766, 1500)
upgrade(-4.729, 8.357, -7.766, 4500)
place(-4.784, 7.007, -4.359, "Ranger", 4500)
upgrade(-4.784, 8.357, -4.359, 1500)
upgrade(-4.784, 8.357, -4.359, 4500)
place(-7.944, 7.007, -7.669, "Ranger", 4500)
upgrade(-7.944, 8.357, -7.669, 1500)
upgrade(-7.944, 8.357, -7.669, 4500)
place(-8.098, 7.007, -4.349, "Ranger", 4500)
upgrade(-8.098, 8.357, -4.349, 1500)
upgrade(-8.098, 8.357, -4.349, 4500)
place(-11.115, 7.007, -8.058, "Ranger", 4500)
upgrade(-11.115, 8.357, -8.058, 1500)
upgrade(-11.115, 8.357, -8.058, 4500)
SetDjTrack(-4.897, 2.402, -15.305, "Red", 0)
place(-8.870, 10.007, -10.600, "Ranger", 4500)
upgrade(-8.870, 11.357, -10.600, 1500)
upgrade(-8.870, 11.357, -10.600, 4500)
upgrade(-4.897, 2.402, -15.305, 8000)
upgrade(-4.897, 2.402, -15.305, 20000)
upgrade(-5.070, 5.357, -11.328, 13500)
upgrade(-4.729, 8.357, -7.766, 13500)
upgrade(-4.784, 8.357, -4.359, 13500)
upgrade(-7.944, 8.357, -7.669, 13500)
upgrade(-8.098, 8.357, -4.349, 13500)
upgrade(-11.115, 8.357, -8.058, 13500)
upgrade(-8.870, 11.357, -10.600, 13500)
upgrade(1.680, 2.387, -18.182, 6500)
upgrade(-0.950, 2.387, -19.846, 6500)
upgrade(1.680, 2.387, -18.182, 20000)
upgrade(-0.950, 2.387, -19.846, 20000)
upgrade(1.648, 2.387, -15.016, 6500)
upgrade(1.648, 2.387, -15.016, 20000)
upgrade(-1.092, 2.387, -16.674, 6500)
upgrade(-1.092, 2.387, -16.674, 20000)
upgrade(1.523, 2.387, -11.912, 6500)
upgrade(1.523, 2.387, -11.912, 20000)
upgrade(-1.190, 2.387, -13.559, 6500)
upgrade(-1.190, 2.387, -13.559, 20000)
upgrade(1.504, 2.387, -8.872, 6500)
upgrade(1.504, 2.387, -8.872, 20000)
upgrade(-1.201, 2.387, -10.445, 6500)
upgrade(-1.201, 2.387, -10.445, 20000)
upgrade(3.809, 2.387, -25.342, 5000)
upgrade(3.809, 2.387, -25.342, 13500)
upgrade(7.406, 2.387, -24.379, 5000)
upgrade(7.406, 2.387, -24.379, 13500)
upgrade(8.274, 2.387, -21.160, 5000)
upgrade(8.274, 2.387, -21.160, 13500)
upgrade(12.395, 2.387, -18.847, 5000)
upgrade(12.395, 2.387, -18.847, 13500)
upgrade(12.428, 2.387, -15.561, 1500)
upgrade(12.428, 2.387, -15.561, 5000)
upgrade(12.428, 2.387, -15.561, 13500)
SetTrap(12.428, 2.387, -15.561, "Bear Traps", 0)
upgrade(12.158, 2.387, -12.241, 1500)
upgrade(12.158, 2.387, -12.241, 5000)
upgrade(12.158, 2.387, -12.241, 13500)
SetTrap(12.158, 2.387, -12.241, "Bear Traps", 0)
upgrade(10.371, 2.387, -9.529, 1500)
upgrade(10.371, 2.387, -9.529, 5000)
upgrade(10.371, 2.387, -9.529, 13500)
SetTrap(10.371, 2.387, -9.529, "Bear Traps", 0)
upgrade(-5.070, 5.357, -11.328, 30000)
upgrade(-4.729, 8.357, -7.766, 30000)
upgrade(-4.784, 8.357, -4.359, 30000)
upgrade(-7.944, 8.357, -7.669, 30000)
upgrade(-8.098, 8.357, -4.349, 30000)
upgrade(-11.115, 8.357, -8.058, 30000)
upgrade(-8.870, 11.357, -10.600, 30000)
place(-1.243, 1.037, -7.325, "Accelerator", 4500)
upgrade(-1.243, 2.387, -7.325, 1000)
upgrade(-1.243, 2.387, -7.325, 2500)
upgrade(-1.243, 2.387, -7.325, 4750)
upgrade(-1.243, 2.387, -7.325, 11250)
upgrade(-1.243, 2.387, -7.325, 36000)
place(-4.501, 1.037, -11.074, "Accelerator", 4500)
upgrade(-4.501, 2.387, -11.074, 1000)
upgrade(-4.501, 2.387, -11.074, 2500)
upgrade(-4.501, 2.387, -11.074, 4750)
upgrade(-4.501, 2.387, -11.074, 11250)
upgrade(-4.501, 2.387, -11.074, 36000)
place(-4.372, 1.037, -7.814, "Accelerator", 4500)
upgrade(-4.372, 2.387, -7.814, 1000)
upgrade(-4.372, 2.387, -7.814, 2500)
upgrade(-4.372, 2.387, -7.814, 4750)
upgrade(-4.372, 2.387, -7.814, 11250)
upgrade(-4.372, 2.387, -7.814, 36000)
place(1.450, 1.037, -5.545, "Accelerator", 4500)
upgrade(1.450, 2.387, -5.545, 1000)
upgrade(1.450, 2.387, -5.545, 2500)
upgrade(1.450, 2.387, -5.545, 4750)
upgrade(1.450, 2.387, -5.545, 11250)
upgrade(1.450, 2.387, -5.545, 36000)
place(-1.387, 1.037, -3.663, "Accelerator", 4500)
upgrade(-1.387, 2.387, -3.663, 1000)
upgrade(-1.387, 2.387, -3.663, 2500)
upgrade(-1.387, 2.387, -3.663, 4750)
upgrade(-1.387, 2.387, -3.663, 11250)
upgrade(-1.387, 2.387, -3.663, 36000)
place(-4.627, 1.037, -4.163, "Accelerator", 4500)
upgrade(-4.627, 2.387, -4.163, 1000)
upgrade(-4.627, 2.387, -4.163, 2500)
upgrade(-4.627, 2.387, -4.163, 4750)
upgrade(-4.627, 2.387, -4.163, 11250)
upgrade(-4.627, 2.387, -4.163, 36000)
place(-7.894, 1.037, -11.479, "Accelerator", 4500)
upgrade(-7.894, 2.387, -11.479, 1000)
upgrade(-7.894, 2.387, -11.479, 2500)
upgrade(-7.894, 2.387, -11.479, 4750)
upgrade(-7.894, 2.387, -11.479, 11250)
upgrade(-7.894, 2.387, -11.479, 36000)
place(-7.615, 1.037, -3.391, "Accelerator", 4500)
upgrade(-7.615, 2.387, -3.391, 1000)
upgrade(-7.615, 2.387, -3.391, 2500)
upgrade(-7.615, 2.387, -3.391, 4750)
upgrade(-7.615, 2.387, -3.391, 11250)
upgrade(-7.615, 2.387, -3.391, 36000)
